com2level2

Min = 	60.45147556
Max =	62.96396224
Ave =	61.65820326

com2level2.5

Min =	62.79644425
Max =	65.05816475
Aver =	63.91119235

com2level3

Min =	64.63929052
Max =	66.81762071
Ave =	65.7831416
